50
0
0 2 
1 3 36 47 48 
2 0 16 28 29 
3 1 5 13 18 22 45 
4 8 12 13 45 
5 3 6 14 20 32 
6 5 37 38 49 
8 4 9 11 23 
9 8 15 28 39 
10 13 24 33 40 47 
11 8 23 37 
12 4 21 28 34 41 
13 3 4 10 20 24 41 
14 5 27 30 36 
15 9 33 44 
16 2 27 44 
17 21 30 39 45 
18 3 41 49 
20 5 13 34 40 
21 12 17 
22 3 27 30 43 
23 8 11 28 47 
24 10 13 43 49 
25 37 
26 31 32 39 
27 14 16 22 35 
28 2 9 12 23 41 
29 2 38 49 
30 14 17 22 32 37 
31 26 33 43 
32 5 26 30 33 43 
33 10 15 31 32 43 47 
34 12 20 43 
35 27 
36 1 14 44 
37 6 11 25 30 43 
38 6 29 
39 9 17 26 46 
40 10 20 
41 12 13 18 28 
43 22 24 31 32 33 34 37 46 
44 15 16 36 
45 3 4 17 49 
46 39 43 
47 1 10 23 33 
48 1 
49 6 18 24 29 45 
