500
0
0 2 30 57 63 76 85 96 97 103 111 114 126 127 131 147 149 155 198 199 208 214 223 225 242 249 259 265 277 289 300 343 363 394 397 402 403 422 432 450 456 457 475 480 
1 4 15 24 31 40 60 77 94 106 110 117 123 130 142 143 158 199 203 208 217 246 254 274 280 303 314 373 383 387 397 418 424 426 432 441 455 464 469 470 478 499 
2 0 16 17 22 32 49 58 64 84 97 110 123 138 141 171 176 192 226 264 339 340 342 345 348 360 384 389 398 404 406 461 462 490 
3 9 49 98 102 114 136 152 153 169 170 173 178 182 197 203 212 236 263 269 280 282 310 311 323 330 341 347 358 365 369 372 380 386 441 460 465 
4 1 6 27 32 33 42 74 75 87 88 90 119 136 143 145 149 160 177 213 214 227 228 236 289 293 302 318 333 341 342 362 372 375 388 396 430 434 435 439 451 459 460 486 491 492 494 495 
5 16 37 41 52 88 89 104 140 185 190 200 208 228 233 286 302 309 339 362 364 368 369 373 381 411 428 455 468 479 481 482 486 
6 4 25 33 60 63 66 76 81 88 104 106 107 114 117 122 152 154 184 194 219 233 259 266 283 302 348 356 358 369 380 387 465 495 497 
7 9 61 64 105 110 121 126 140 167 184 186 209 221 250 257 291 341 349 358 368 371 378 391 401 407 429 434 440 471 480 
8 10 22 28 37 39 40 73 92 94 120 124 136 138 149 157 171 179 197 200 208 211 215 223 225 229 266 313 314 319 326 333 336 339 349 354 367 396 398 400 402 411 419 431 447 476 482 
9 3 7 22 31 47 65 70 76 97 98 106 122 123 143 149 155 167 176 187 195 203 206 237 260 275 288 291 326 360 367 374 382 425 429 431 448 
10 8 12 19 70 71 84 93 103 110 114 118 128 137 192 193 196 199 203 211 217 249 259 264 291 303 311 344 345 380 382 383 390 396 404 405 421 430 451 460 468 473 477 483 486 491 493 
11 12 45 81 88 93 122 135 143 145 147 164 173 182 188 190 196 210 268 283 291 322 344 347 356 375 404 410 418 423 424 427 433 435 437 438 444 454 456 495 
12 10 11 16 22 31 39 41 54 60 103 105 106 112 122 133 137 139 149 152 154 195 240 246 275 277 291 300 307 309 311 326 327 330 337 342 352 370 397 417 494 
13 14 18 25 32 48 59 68 90 99 102 111 116 127 150 167 171 179 188 214 225 234 247 284 286 293 294 312 315 349 352 355 384 414 472 478 481 497 
14 13 21 49 51 54 78 79 95 106 109 125 129 138 147 157 158 164 174 183 219 227 263 273 291 311 317 327 329 330 341 347 351 383 402 404 410 422 425 435 471 477 483 487 494 498 
15 1 32 43 103 117 124 150 166 195 202 218 233 298 299 313 340 341 344 354 359 369 371 385 414 415 416 419 432 433 453 463 
16 2 5 12 35 45 47 51 57 94 103 107 148 161 167 174 207 209 247 253 257 296 297 328 330 335 336 371 375 380 381 386 415 483 485 
17 2 22 45 78 81 82 101 114 119 125 126 130 150 166 184 190 195 200 201 202 213 216 219 226 254 259 312 320 335 363 379 400 403 439 458 464 475 477 488 491 492 495 
18 13 75 76 89 96 100 113 127 203 213 217 231 251 261 271 293 326 334 368 373 375 408 410 435 437 440 441 443 452 469 488 489 
19 10 34 48 54 60 75 105 126 133 148 173 199 214 233 291 316 329 342 364 371 382 414 427 452 454 480 489 494 
20 23 29 100 107 108 111 123 155 175 181 183 201 236 238 249 258 267 273 274 289 300 313 316 318 326 341 343 389 391 425 431 465 483 498 
21 14 26 58 67 76 84 94 112 139 148 163 166 181 182 190 193 205 206 210 213 264 265 283 291 306 307 311 312 314 332 333 368 369 390 407 410 429 458 465 481 
22 2 8 9 12 17 31 35 36 40 78 96 137 139 197 207 228 296 320 328 331 342 343 356 432 451 459 495 
23 20 42 49 65 67 71 74 82 114 115 130 135 137 138 145 150 157 180 196 203 209 216 223 234 241 250 275 287 293 298 316 354 356 377 392 400 401 405 408 414 416 419 420 423 434 461 468 470 
24 1 29 42 51 67 70 83 125 131 162 186 207 212 234 249 252 275 289 304 337 365 372 391 398 411 421 440 446 463 467 479 
25 6 13 34 39 58 60 81 138 141 145 146 149 155 162 184 189 191 216 250 260 264 283 289 305 308 313 315 348 358 395 425 428 435 441 444 448 
26 21 43 66 67 80 81 95 96 106 110 115 155 158 180 195 204 205 206 210 240 246 312 326 330 343 369 382 423 426 454 466 469 477 488 491 
27 4 34 54 72 77 80 87 110 128 154 162 185 192 212 225 250 268 278 283 323 335 338 341 357 361 367 385 388 399 422 448 451 488 493 
28 8 29 45 51 53 61 87 90 103 135 149 151 196 205 257 278 294 296 321 341 373 378 380 412 424 434 441 455 461 471 474 479 483 492 494 
29 20 24 28 39 56 64 65 71 72 75 96 113 117 146 147 158 163 175 179 183 192 193 202 216 219 239 295 297 299 302 316 320 339 348 366 367 381 382 403 404 413 429 431 433 453 466 467 492 
30 0 36 64 71 81 113 123 127 136 175 177 229 243 248 254 283 298 312 335 341 342 343 367 391 438 461 471 476 
31 1 9 12 22 35 38 41 60 61 72 74 77 103 106 116 119 122 140 152 164 169 181 188 216 226 230 238 242 250 261 268 278 279 292 327 334 336 380 394 396 399 407 415 459 
32 2 4 13 15 51 66 99 101 123 154 155 158 185 196 208 235 257 275 282 290 291 303 332 341 342 362 378 385 394 410 419 458 470 481 488 
33 4 6 42 43 45 50 57 60 64 75 80 83 103 140 151 180 183 184 196 211 214 215 237 251 265 268 307 318 319 333 340 344 346 361 363 384 385 398 417 418 431 444 445 474 
34 19 25 27 39 44 45 48 49 61 65 66 84 93 100 146 160 169 171 211 222 251 260 298 303 312 328 329 340 343 360 378 396 401 409 415 433 455 466 474 481 484 
35 16 22 31 37 40 43 44 46 58 59 77 106 123 139 144 174 201 208 211 214 241 247 268 279 301 339 340 342 346 351 368 397 403 418 427 429 437 443 449 497 499 
36 22 30 37 74 78 121 140 172 178 185 197 209 216 217 227 288 304 305 324 367 376 384 391 410 437 459 477 481 499 
37 5 8 35 36 41 50 68 120 133 139 144 157 164 167 174 184 185 187 201 211 218 224 229 283 295 308 342 356 360 370 378 389 418 459 470 476 489 497 498 
38 31 64 69 87 96 119 124 135 150 176 215 223 250 257 258 261 268 270 325 328 337 361 369 370 382 393 405 430 434 447 452 482 484 
39 8 12 25 29 34 64 68 81 91 131 152 161 174 227 238 244 246 266 268 280 298 305 360 361 363 368 371 379 395 402 418 423 432 435 459 463 474 475 482 488 
40 1 8 22 35 55 90 111 146 150 156 163 172 182 188 212 249 254 274 279 282 294 312 321 342 375 386 397 404 406 407 409 450 463 469 483 492 
41 5 12 31 37 55 61 62 63 75 103 109 145 150 151 153 171 191 202 206 212 252 260 262 270 276 314 325 330 339 341 382 384 405 440 458 465 477 478 498 
42 4 23 24 33 76 84 113 115 126 149 162 164 168 177 184 191 195 197 228 239 244 265 278 304 305 312 317 352 372 373 381 384 393 412 418 435 446 471 473 488 498 
43 15 26 33 35 72 74 101 142 145 157 176 179 198 221 250 266 271 304 305 310 315 343 353 369 373 374 377 389 411 440 448 453 459 461 463 484 
44 34 35 48 53 119 150 174 180 186 192 196 209 211 217 219 220 223 239 269 276 286 314 320 336 349 361 369 371 374 375 384 405 422 424 429 439 442 458 
45 11 16 17 28 33 34 60 80 90 102 111 125 158 166 181 188 215 218 288 290 300 317 331 333 419 429 435 440 458 466 470 473 480 486 489 493 498 
46 35 51 57 110 116 118 127 130 132 138 139 149 172 198 199 209 211 236 240 278 317 350 360 367 391 399 405 418 420 422 428 440 452 460 463 486 489 497 498 499 
47 9 16 52 54 112 115 119 120 123 164 165 184 195 198 210 236 251 256 270 271 279 294 310 318 324 383 386 396 402 441 446 493 
48 13 19 34 44 50 61 69 82 88 90 91 99 105 138 160 171 192 202 214 217 240 251 255 270 287 327 333 339 374 383 393 394 406 432 445 462 487 
49 2 3 14 23 34 127 153 154 201 218 269 283 334 347 364 384 393 415 419 434 458 468 475 479 480 484 491 497 
50 33 37 48 60 87 97 115 118 125 128 146 161 195 214 226 232 241 246 254 258 271 294 296 335 356 402 406 437 458 463 471 
51 14 16 24 28 32 46 65 79 86 101 104 121 134 175 191 210 212 213 215 222 224 237 261 274 324 326 351 356 358 383 428 429 430 466 
52 5 47 98 120 133 137 143 145 148 157 177 202 203 205 207 229 258 293 327 333 335 340 351 360 410 458 485 
53 28 44 54 66 86 94 107 121 128 135 161 163 174 214 222 228 229 236 247 299 322 325 348 356 380 391 404 438 446 450 458 
54 12 14 19 27 47 53 67 74 76 109 112 116 118 141 148 153 159 168 173 229 245 249 278 284 306 323 345 347 366 383 384 426 448 465 471 480 486 
55 40 41 75 111 131 161 178 194 195 209 213 218 243 245 248 249 306 329 354 358 373 377 384 387 394 412 416 418 439 441 451 452 457 464 
56 29 58 63 67 79 87 88 93 109 163 165 185 193 203 215 223 224 236 249 250 269 270 280 289 314 337 374 383 396 400 401 404 417 437 440 458 471 472 473 483 
57 0 16 33 46 59 67 69 73 113 115 130 136 149 166 168 177 179 181 216 247 249 315 332 341 353 364 379 390 396 404 418 424 427 442 443 451 462 475 486 
58 2 21 25 35 56 75 95 99 105 111 166 182 216 221 225 270 287 317 323 329 339 340 341 367 380 409 424 427 436 446 461 463 469 480 
59 13 35 57 94 144 157 158 171 172 191 246 247 275 284 289 292 307 308 316 334 335 345 359 368 401 404 426 427 487 
60 1 6 12 19 25 31 33 45 50 64 87 109 128 137 140 146 149 156 157 166 167 192 194 199 212 228 233 246 250 274 290 303 307 308 319 325 343 353 356 361 363 388 398 409 426 461 465 486 
61 7 28 31 34 41 48 84 91 109 112 117 137 147 173 180 230 235 251 275 294 306 320 326 327 330 355 361 375 381 415 454 473 482 487 499 
62 41 66 80 82 107 113 141 154 159 168 180 193 196 230 284 312 317 318 346 349 361 375 398 417 418 419 425 465 467 481 482 486 
63 0 6 41 56 80 106 110 127 166 174 218 221 232 234 262 279 298 305 343 354 407 433 457 462 488 
64 2 7 29 30 33 38 39 60 67 71 82 92 93 124 132 133 140 152 163 165 172 194 202 204 213 223 272 286 310 329 350 360 370 375 390 428 443 444 483 494 
65 9 23 29 34 51 84 86 98 109 127 142 145 150 156 157 161 174 195 204 213 219 237 250 260 290 301 325 330 336 348 349 359 368 383 393 418 481 489 496 497 
66 6 26 32 34 53 62 87 104 152 172 199 247 266 302 307 315 345 372 378 380 392 415 442 446 453 459 487 493 
67 21 23 24 26 54 56 57 64 72 79 82 89 98 112 118 132 138 149 190 193 198 214 235 239 244 247 252 258 260 264 287 291 293 320 341 356 369 372 387 464 470 496 
68 13 37 39 76 115 119 126 147 162 165 173 180 187 192 213 220 226 237 249 256 278 292 305 316 320 332 341 355 388 392 411 422 443 
69 38 48 57 83 85 97 98 108 145 178 186 198 226 253 255 265 266 270 284 305 309 319 323 332 348 356 360 363 386 394 396 398 452 464 465 477 494 
70 9 10 24 76 88 94 96 103 121 137 148 160 184 194 195 206 215 241 259 271 286 302 309 321 386 400 413 419 424 435 436 443 460 
71 10 23 29 30 64 76 120 125 131 138 155 185 186 208 214 215 234 254 295 306 313 360 374 410 424 443 447 453 473 475 494 
72 27 29 31 43 67 85 95 102 115 134 142 161 162 163 187 188 193 198 207 225 270 273 300 317 338 358 381 382 400 401 413 416 436 439 442 463 478 484 
73 8 57 82 89 94 130 139 158 167 193 206 217 239 271 274 307 312 326 376 393 398 406 426 435 454 497 499 
74 4 23 31 36 43 54 95 121 133 143 156 188 190 206 208 248 255 260 262 275 279 327 365 379 381 436 448 452 454 474 
75 4 18 19 29 33 41 55 58 76 85 89 96 107 139 141 151 158 179 180 204 240 247 249 276 292 315 333 348 356 376 377 393 397 402 404 416 419 441 453 
76 0 6 9 18 21 42 54 68 70 71 75 84 91 103 117 118 125 136 137 146 155 158 160 186 189 210 249 251 263 292 310 314 322 330 344 350 353 360 393 397 399 414 419 459 465 493 
77 1 27 31 35 82 89 98 99 134 144 164 165 167 177 189 192 195 226 263 266 267 281 291 296 313 327 338 345 346 350 351 375 378 391 414 428 439 446 451 473 475 492 
78 14 17 22 36 110 114 117 119 196 200 249 255 266 269 275 395 402 406 407 461 465 475 480 498 
79 14 51 56 67 80 81 83 107 121 131 136 142 171 190 194 198 206 220 223 248 256 259 278 309 311 344 365 366 392 409 412 415 441 456 458 471 474 480 489 
80 26 27 33 45 62 63 79 84 102 110 162 166 172 174 180 185 186 206 225 229 233 238 244 245 250 254 261 281 305 318 322 324 326 337 345 346 349 352 371 384 387 440 442 469 470 478 
81 6 11 17 25 26 30 39 79 97 98 102 109 123 131 201 220 245 247 255 276 283 292 296 298 302 312 317 369 373 374 394 410 430 438 445 448 450 
82 17 23 48 62 64 67 73 77 101 103 113 114 117 120 144 167 174 176 177 180 222 232 267 277 280 294 298 317 319 346 348 352 375 405 414 433 443 444 448 
83 24 33 69 79 92 97 106 114 123 124 140 165 170 216 232 234 264 304 331 336 338 350 366 389 457 482 
84 2 10 21 34 42 61 65 76 80 109 125 141 146 164 184 197 205 214 223 237 238 239 255 256 259 266 316 323 341 346 370 386 388 398 401 411 431 432 433 442 444 447 449 488 498 
85 0 69 72 75 92 98 107 117 130 131 138 144 146 148 202 203 211 231 244 261 279 290 324 327 339 346 352 365 373 394 402 404 419 445 
86 51 53 65 91 106 115 132 136 200 212 228 229 230 231 234 239 242 257 272 276 279 288 341 382 434 437 440 451 461 465 472 493 
87 4 27 28 38 50 56 60 66 118 121 124 139 152 160 190 212 228 238 239 274 298 311 313 318 328 342 374 376 381 417 424 432 436 439 440 443 456 482 489 
88 4 5 6 11 48 56 70 98 101 102 113 118 119 130 147 152 170 190 214 215 217 228 246 248 261 265 317 329 339 340 349 362 366 404 406 410 423 438 446 458 463 484 485 493 498 
89 5 18 67 73 75 77 104 107 108 140 176 233 235 258 259 310 326 333 339 351 363 365 388 427 430 434 462 473 481 492 
90 4 13 28 40 45 48 112 133 136 151 159 185 195 197 208 209 217 256 259 292 308 309 349 375 414 469 472 477 478 488 493 
91 39 48 61 76 86 104 107 112 127 148 162 164 175 238 240 243 245 246 259 268 288 308 328 341 345 368 369 370 377 417 436 444 449 455 462 480 491 493 
92 8 64 83 85 97 104 109 134 144 155 158 163 170 230 261 295 334 335 337 344 348 401 408 440 457 482 487 495 
93 10 11 34 56 64 132 134 147 149 160 163 165 187 214 226 232 254 261 281 283 305 319 329 343 369 379 382 386 395 409 413 420 422 440 444 486 494 499 
94 1 8 16 21 53 59 70 73 131 166 176 178 182 183 202 225 235 254 256 282 292 294 296 305 310 313 333 336 343 354 360 377 390 397 401 411 432 436 453 457 458 476 
95 14 26 58 72 74 100 110 130 150 181 186 192 193 198 227 228 229 231 249 262 276 281 284 316 343 353 357 359 376 390 431 441 450 
96 0 18 22 26 29 38 70 75 99 102 110 123 126 136 139 152 158 206 211 217 226 232 241 250 262 278 279 297 298 303 307 340 341 400 403 421 490 
97 0 2 9 50 69 81 83 92 116 134 143 144 145 147 173 176 180 193 200 273 293 306 310 316 342 360 363 375 378 380 404 416 421 425 427 437 452 453 460 461 467 
98 3 9 52 65 67 69 77 81 85 88 117 204 213 220 224 225 227 267 278 305 321 338 359 372 377 379 393 395 398 413 426 441 445 484 489 491 
99 13 32 48 58 77 96 101 117 123 148 168 177 190 193 197 209 256 263 277 280 285 290 301 302 329 334 341 366 367 377 378 396 426 432 440 450 479 481 
100 18 20 34 95 111 112 131 141 208 220 259 283 285 291 324 332 337 353 354 383 411 425 431 454 478 
101 17 32 43 51 82 88 99 102 119 127 128 131 139 140 164 175 195 199 209 229 261 292 305 309 311 320 347 362 380 381 428 434 438 439 443 451 472 474 481 485 487 489 493 
102 3 13 45 72 80 81 88 96 101 109 121 124 125 133 168 173 196 205 219 222 233 243 268 283 289 303 346 347 393 413 416 429 433 437 450 479 498 499 
103 0 10 12 15 16 28 31 33 41 70 76 82 104 107 153 161 176 177 191 205 216 229 255 263 266 274 279 281 294 311 316 345 376 386 392 397 399 409 423 436 451 452 460 464 467 481 487 492 496 
104 5 6 51 66 89 91 92 103 112 113 153 166 188 191 214 222 223 254 264 269 285 297 304 344 354 381 397 399 422 448 462 476 477 496 
105 7 12 19 48 58 107 111 131 133 151 152 172 176 185 186 191 233 238 250 251 256 267 269 284 294 347 386 392 401 459 
106 1 6 9 12 14 26 31 35 63 83 86 107 117 123 136 140 173 201 216 238 243 244 247 248 249 297 308 328 358 362 365 380 386 434 438 456 487 496 
107 6 16 20 53 62 75 79 85 89 91 103 105 106 124 125 130 140 168 178 185 192 203 217 220 223 238 248 251 271 283 312 329 348 394 412 444 458 461 465 475 482 487 
108 20 69 89 126 132 153 172 199 212 215 247 257 260 263 284 288 296 310 312 328 330 369 380 392 397 399 408 421 422 431 436 446 471 491 
109 14 41 54 56 60 61 65 81 84 92 102 118 144 152 153 158 163 167 178 193 199 222 223 232 233 235 261 267 272 282 332 334 338 339 341 343 345 346 374 376 377 428 430 432 
110 1 2 7 10 26 27 46 63 78 80 95 96 116 141 147 171 183 197 224 234 242 253 267 280 285 337 352 357 368 376 379 386 388 402 407 412 414 419 425 433 439 450 473 482 495 
111 0 13 20 40 45 55 58 100 105 122 147 149 152 157 171 178 206 229 243 252 253 255 269 274 292 303 312 321 333 353 356 357 372 381 399 401 418 423 434 452 457 
112 12 21 47 54 61 67 90 91 100 104 116 148 202 211 243 247 268 290 307 359 362 384 389 410 412 417 428 429 450 461 484 485 486 497 
113 18 29 30 42 57 62 82 88 104 124 155 157 173 181 183 215 261 262 297 322 323 324 325 349 352 353 356 379 396 414 430 432 464 467 475 481 491 494 
114 0 3 6 10 17 23 78 82 83 116 117 120 121 136 147 162 182 188 196 198 200 220 223 243 245 260 276 277 282 299 300 302 318 323 332 353 359 361 381 408 413 415 422 443 448 478 487 
115 23 26 42 47 50 57 68 72 86 116 135 152 162 167 183 187 190 193 204 208 211 215 224 279 310 325 332 345 366 370 382 398 402 405 428 480 
116 13 31 46 54 97 110 112 114 115 120 122 125 126 129 147 148 151 165 170 199 200 205 209 235 238 283 301 302 352 354 357 359 374 387 392 400 406 428 451 455 458 483 485 
117 1 6 15 29 61 76 78 82 85 98 99 106 114 122 136 142 151 176 177 185 195 207 210 215 225 250 277 285 295 300 312 343 349 357 361 381 385 388 402 414 423 446 454 464 495 497 
118 10 46 50 54 67 76 87 88 109 123 127 144 154 165 216 228 245 262 269 270 310 323 349 352 354 366 367 389 399 402 414 436 443 457 
119 4 17 31 38 44 47 68 78 88 101 137 146 176 202 206 226 233 260 274 288 325 329 334 348 355 367 369 373 379 390 394 413 415 447 459 470 474 484 486 491 
120 8 37 47 52 71 82 114 116 131 134 135 137 149 154 161 166 171 217 220 257 276 292 329 330 342 367 377 392 414 424 434 447 467 475 
121 7 36 51 53 70 74 79 87 102 114 124 125 131 146 155 158 174 179 181 185 195 200 203 207 224 248 254 268 272 273 305 316 339 349 358 362 383 385 387 392 405 422 469 470 474 476 479 487 489 499 
122 6 9 11 12 31 111 116 117 130 143 158 159 164 184 211 219 246 250 251 255 274 279 298 324 331 366 393 398 414 429 444 446 452 475 
123 1 2 9 20 30 32 35 47 81 83 96 99 106 118 140 148 176 182 188 190 199 220 223 233 256 264 272 298 311 313 316 335 364 374 375 384 417 419 422 434 437 440 448 498 
124 8 15 38 64 83 87 102 107 113 121 125 138 150 189 219 235 240 242 248 250 252 254 263 280 295 299 307 308 325 369 370 371 387 413 436 448 461 499 
125 14 17 24 45 50 71 76 84 102 107 116 121 124 132 158 160 164 166 184 200 201 222 224 234 248 261 266 304 327 337 362 382 402 406 419 422 432 433 434 440 479 488 496 
126 0 7 17 19 42 68 96 108 116 136 148 173 200 229 249 261 264 275 283 290 302 304 316 327 334 346 360 361 367 374 435 444 456 462 477 479 
127 0 13 18 30 46 49 63 65 91 101 118 152 153 154 162 185 201 216 218 250 263 283 320 322 335 357 372 387 395 399 400 412 442 455 456 466 475 493 
128 10 27 50 53 60 101 136 140 151 153 155 157 176 189 198 199 207 217 231 240 250 257 265 284 309 326 329 361 378 384 409 423 472 498 
129 14 116 131 136 180 192 200 216 253 260 273 286 291 309 314 327 345 381 390 416 419 429 445 450 472 479 480 
130 1 17 23 46 57 73 85 88 95 107 122 158 161 165 173 187 193 195 196 206 215 237 255 277 288 290 307 345 355 363 387 389 411 415 419 463 469 470 479 497 
131 0 24 39 55 71 79 81 85 94 100 101 105 120 121 129 137 147 162 188 189 208 210 215 262 267 271 284 308 322 328 357 360 368 374 412 431 445 454 467 487 493 
132 46 64 67 86 93 108 125 141 150 163 181 209 268 269 324 333 343 344 346 349 352 365 367 385 401 419 436 452 458 473 492 
133 12 19 37 52 64 74 90 102 105 134 159 185 190 196 204 206 210 217 230 274 281 299 312 357 364 389 400 404 438 450 452 460 465 
134 51 72 77 92 93 97 120 133 139 196 208 211 227 229 233 254 290 292 345 362 365 369 379 418 425 427 430 437 447 451 475 478 483 498 
135 11 23 28 38 53 115 120 171 176 199 205 206 228 236 244 257 263 266 276 287 288 289 294 305 322 330 346 356 394 417 425 427 438 446 484 488 
136 3 4 8 30 57 76 79 86 90 96 106 114 117 126 128 129 168 194 205 226 231 242 248 260 277 288 292 304 318 329 330 344 357 374 379 392 402 411 421 442 464 468 491 
137 10 12 22 23 52 60 61 70 76 119 120 131 158 159 171 173 174 178 191 278 314 348 355 360 366 408 421 431 442 445 448 461 480 
138 2 8 14 23 25 46 48 67 71 85 124 145 149 161 175 186 194 197 204 214 217 231 249 262 263 286 326 340 362 371 376 381 394 410 414 416 428 430 431 446 457 468 477 482 488 
139 12 21 22 35 37 46 73 75 87 96 101 134 140 146 148 168 221 246 251 256 269 284 288 290 297 304 307 316 317 333 365 377 396 463 467 499 
140 5 7 31 33 36 60 64 83 89 101 106 107 123 128 139 146 148 153 168 171 178 184 188 190 193 213 217 230 257 283 284 301 302 328 334 340 358 365 376 377 384 414 432 436 451 459 486 487 488 496 
141 2 25 54 62 75 84 100 110 132 148 166 189 191 192 211 215 239 242 264 268 291 298 321 329 339 345 369 373 376 393 414 418 427 432 477 481 489 
142 1 43 65 72 79 117 143 153 157 175 223 228 230 245 269 272 284 337 344 346 355 363 382 402 464 
143 1 4 9 11 52 74 97 122 142 157 170 176 178 185 206 209 225 249 250 270 291 303 304 305 319 321 322 328 348 362 375 427 475 490 
144 35 37 59 77 82 85 92 97 109 118 145 158 184 189 198 204 206 215 230 242 293 314 324 360 362 368 374 394 414 423 425 431 453 460 464 482 
145 4 11 23 25 41 43 52 65 69 97 138 144 159 171 174 181 207 218 252 254 321 322 324 341 349 352 389 392 395 413 419 448 478 481 485 487 
146 25 29 34 40 50 60 76 84 85 119 121 139 140 158 162 165 169 180 188 194 199 209 232 238 253 261 270 312 321 331 332 341 396 400 406 428 461 474 482 483 497 
147 0 11 14 29 61 68 88 93 97 110 111 114 116 131 167 189 208 210 227 239 247 281 298 311 355 357 365 389 399 416 426 428 429 440 452 462 467 487 
148 16 19 21 52 54 70 85 91 99 112 116 123 126 139 140 141 149 151 176 213 236 256 257 263 265 272 314 316 321 333 338 363 387 421 425 458 480 498 499 
149 0 4 8 9 12 25 28 42 46 57 60 67 93 111 120 138 148 157 217 224 227 232 244 245 248 261 271 272 279 291 297 305 309 311 334 336 350 353 354 360 367 402 404 426 444 464 
150 13 15 17 23 38 40 41 44 65 95 124 132 152 172 176 194 197 207 217 239 248 269 280 287 289 292 315 320 335 339 344 371 388 391 398 405 413 417 423 425 444 446 459 
151 28 33 41 75 90 105 116 117 128 148 158 178 180 191 195 206 233 236 256 257 274 288 294 304 310 312 319 328 336 357 358 366 373 376 384 396 422 433 442 457 481 
152 3 6 12 31 39 64 66 87 88 96 105 109 111 115 127 150 156 167 174 182 187 190 195 233 235 250 271 272 279 304 306 333 354 411 415 428 431 447 464 487 490 
153 3 41 49 54 103 104 108 109 127 128 140 142 159 169 170 171 196 198 201 237 241 244 262 273 276 287 292 299 313 319 322 327 328 336 346 386 403 407 416 418 485 492 
154 6 12 27 32 49 62 118 120 127 158 167 171 191 225 239 260 263 271 272 274 283 288 324 342 364 370 373 374 381 407 416 424 435 437 442 446 457 488 
155 0 9 20 25 26 32 71 76 92 113 121 128 157 160 162 168 170 203 218 225 235 250 261 298 312 314 317 323 345 354 356 366 370 389 390 392 403 426 428 436 446 458 472 478 497 
156 40 60 65 74 152 164 180 186 202 205 208 220 265 277 309 316 327 334 338 363 368 420 427 430 434 465 492 
157 8 14 23 37 43 52 59 60 65 111 113 128 142 143 149 155 200 201 204 215 267 275 277 278 279 288 349 361 367 375 397 398 403 411 414 418 421 438 444 448 463 486 498 
158 1 14 26 29 32 45 59 73 75 76 92 96 109 121 122 125 130 137 144 146 151 154 164 170 178 188 195 204 247 255 256 275 291 324 329 365 379 397 413 425 430 440 444 449 460 494 
159 54 62 90 122 133 137 145 153 183 234 236 240 257 275 308 314 315 373 385 407 412 428 461 470 487 499 
160 4 34 48 70 76 87 93 125 155 196 200 246 274 277 278 291 297 310 319 322 334 338 363 399 423 427 475 
161 16 39 50 53 55 65 72 103 120 130 138 177 179 241 259 277 298 314 323 344 364 370 389 390 402 404 409 430 436 457 479 490 496 499 
162 24 25 27 42 68 72 80 91 114 115 127 131 146 155 163 168 169 196 199 202 203 224 227 252 266 267 270 276 280 304 306 307 314 320 321 330 338 354 391 393 394 396 419 441 448 455 460 477 481 486 493 499 
163 21 29 40 53 56 64 72 92 93 109 132 162 164 170 184 185 192 198 207 222 244 262 316 317 324 329 333 345 354 380 393 404 406 417 428 438 443 481 488 
164 11 14 31 37 42 47 77 84 91 101 122 125 156 158 163 219 267 268 272 276 280 296 311 323 340 355 361 364 380 392 398 446 464 465 498 
165 47 56 64 68 77 83 93 116 118 130 146 168 170 179 185 226 267 279 296 307 321 346 360 372 385 387 390 413 423 437 451 464 472 477 
166 15 17 21 45 57 58 60 63 80 94 104 120 125 141 181 186 190 196 218 227 245 252 282 291 301 304 317 319 321 332 334 336 365 376 384 397 402 448 472 
167 7 9 13 16 37 60 73 77 82 109 115 147 152 154 178 179 188 201 205 228 231 235 245 260 266 285 331 390 398 408 
168 42 54 57 62 99 102 107 136 139 140 155 162 165 196 203 207 225 233 241 243 253 259 303 313 346 378 380 392 427 440 445 457 488 
169 3 31 34 146 153 162 184 199 208 223 234 240 242 255 275 314 335 347 376 424 436 473 491 
170 3 83 88 92 116 143 153 155 158 163 165 208 223 245 258 277 314 318 332 338 350 379 384 388 397 431 444 454 457 463 488 490 
171 2 8 13 34 41 48 59 79 110 111 120 135 137 140 145 153 154 185 192 195 197 209 253 257 259 272 277 281 283 288 323 342 365 371 387 390 409 427 432 436 437 444 465 470 497 
172 36 40 46 59 64 66 80 105 108 150 176 179 181 193 195 197 211 236 250 265 267 269 322 326 331 379 385 399 406 408 439 460 462 474 489 490 
173 3 11 19 54 61 68 97 102 106 113 126 130 137 180 205 242 263 278 311 339 353 368 377 396 398 404 415 418 454 456 481 
174 14 16 35 37 39 44 53 63 65 80 82 121 137 145 152 193 202 212 222 230 231 243 255 269 293 309 328 334 347 375 393 394 405 437 457 473 483 498 
175 20 29 30 51 91 101 138 142 209 216 222 234 236 240 247 286 289 349 380 392 399 407 412 437 441 443 461 473 478 487 493 495 
176 2 9 38 43 82 89 94 97 103 105 117 119 123 128 135 143 148 150 172 202 225 239 255 263 267 290 315 317 325 341 353 365 377 408 411 417 442 456 458 459 481 492 493 499 
177 4 30 42 52 57 77 82 99 103 117 161 188 197 212 225 270 285 302 303 306 307 323 353 375 378 389 417 423 433 438 445 
178 3 36 55 69 94 107 109 111 137 140 143 151 158 167 184 186 196 198 207 218 225 235 240 279 308 318 329 330 335 369 374 408 409 411 430 465 486 497 
179 8 13 29 43 57 75 121 161 165 167 172 182 187 191 205 238 258 287 290 291 299 322 340 364 391 406 412 437 462 480 489 
180 23 26 33 44 61 62 68 75 80 82 97 129 146 151 156 173 207 212 222 232 263 274 296 330 334 350 352 376 380 387 391 411 422 433 439 458 461 478 486 
181 20 21 31 45 57 95 113 121 132 145 166 172 206 232 236 250 255 260 266 292 309 320 335 339 381 394 417 424 445 476 489 
182 3 11 21 40 58 94 114 123 152 179 202 212 220 251 300 333 337 349 350 353 357 409 421 435 437 450 456 465 479 488 489 494 
183 14 20 29 33 94 110 113 115 159 214 226 235 266 267 268 277 295 329 371 407 411 419 457 464 469 484 
184 6 7 17 25 33 37 42 47 70 84 122 125 140 144 163 169 178 189 191 194 238 243 249 252 255 266 269 291 307 333 368 373 377 425 456 457 473 480 494 
185 5 27 32 36 37 56 71 80 90 105 107 117 121 127 133 143 163 165 171 189 198 226 268 298 299 303 341 343 354 360 378 382 396 409 427 430 437 446 451 457 497 
186 7 24 44 69 71 76 80 95 105 138 156 166 178 195 213 214 217 222 227 241 249 254 260 267 318 322 336 367 380 410 415 437 444 449 456 463 487 492 496 
187 9 37 68 72 93 115 130 152 179 196 200 213 229 237 257 266 288 314 326 332 334 337 340 348 364 368 392 424 449 453 465 484 492 
188 11 13 31 40 45 72 74 104 114 123 131 140 146 158 167 177 222 232 242 248 250 260 287 297 298 303 329 348 349 350 356 368 396 414 431 447 452 478 483 487 492 
189 25 76 77 124 128 131 141 144 147 184 185 219 226 234 238 245 255 271 303 306 307 317 329 342 345 397 407 415 418 425 428 444 465 477 479 484 495 
190 5 11 17 21 67 74 79 87 88 99 115 123 133 140 152 166 192 202 211 212 216 233 241 261 264 271 317 325 330 354 358 391 439 446 457 476 486 
191 25 41 42 51 59 103 104 105 137 141 151 154 179 184 192 207 227 228 242 267 283 293 302 303 329 334 343 357 372 383 450 455 478 481 492 497 
192 2 10 27 29 44 48 60 68 77 95 107 129 141 163 171 190 191 195 234 254 255 280 286 298 301 325 326 329 349 350 361 363 382 398 407 420 422 424 426 431 453 477 485 487 495 498 
193 10 21 29 56 62 67 72 73 95 97 99 109 115 130 140 172 174 199 211 232 236 238 261 325 360 396 397 418 419 444 470 471 490 
194 6 55 60 64 70 79 136 138 146 150 184 211 305 312 316 332 389 390 404 423 448 451 454 468 483 499 
195 9 12 15 17 26 42 47 50 55 65 70 77 90 101 117 121 130 151 152 158 171 172 186 192 196 205 207 212 216 223 231 283 289 304 305 329 341 396 419 421 438 465 
196 10 11 23 28 32 33 44 62 78 102 114 130 133 134 153 160 162 166 168 178 187 195 207 210 225 232 239 240 244 245 248 249 279 293 314 318 323 324 339 341 366 393 415 423 450 476 478 481 491 
197 3 8 22 36 42 84 90 99 110 138 150 171 172 177 201 204 205 221 270 275 296 332 354 355 366 401 402 419 420 426 428 456 
198 0 43 46 47 67 69 72 79 95 114 128 144 153 163 178 185 202 208 224 231 234 236 253 274 281 282 286 314 323 342 347 353 365 368 377 388 392 394 403 422 425 429 460 466 468 476 486 487 
199 0 1 10 19 46 60 66 101 108 109 116 123 128 135 146 162 169 193 200 201 204 207 208 209 214 231 256 258 260 267 268 280 295 308 320 338 353 358 373 388 409 425 442 465 467 471 479 
200 5 8 17 78 86 97 114 116 121 125 126 129 157 160 187 199 244 289 301 312 333 338 349 368 429 447 449 474 496 
201 17 20 35 37 49 81 106 125 127 153 157 167 197 199 214 220 235 242 248 269 290 309 310 312 314 321 322 333 340 345 359 381 383 384 386 409 422 429 433 435 447 450 481 482 484 
202 15 17 29 41 48 52 64 85 94 112 119 156 162 174 176 182 190 198 212 214 227 244 273 275 279 310 313 317 328 337 343 347 353 361 362 364 370 377 414 433 436 440 441 475 
203 1 3 9 10 18 23 52 56 85 107 121 155 162 168 207 257 288 305 313 327 333 357 362 365 382 395 402 412 419 443 445 446 447 449 456 494 495 
204 26 64 65 75 98 115 133 138 144 157 158 197 199 227 234 256 268 290 298 307 318 327 339 347 354 358 367 387 389 406 413 420 460 461 465 476 479 481 483 485 491 
205 21 26 28 52 84 102 103 116 135 136 156 167 173 179 195 197 219 252 273 286 290 303 304 319 327 330 352 360 387 391 412 424 430 463 480 482 486 493 494 
206 9 21 26 41 70 73 74 79 80 96 111 119 130 133 135 143 144 151 181 214 220 246 264 273 282 283 311 314 331 336 358 377 386 389 390 391 401 403 414 450 482 
207 16 22 24 52 72 117 121 128 145 150 163 168 178 180 191 195 196 199 203 220 223 258 265 269 272 280 281 289 301 343 344 345 352 371 375 376 377 381 398 411 421 422 423 429 442 444 481 
208 0 1 5 8 32 35 71 74 90 100 115 131 134 147 156 169 170 198 199 217 220 238 246 249 275 281 288 297 308 324 341 368 388 396 399 431 432 434 446 458 482 485 490 496 
209 7 16 23 36 44 46 55 90 99 101 116 132 143 146 171 175 199 236 237 255 256 263 302 305 339 340 349 365 373 378 399 402 406 407 420 435 453 470 
210 11 21 26 47 51 76 117 131 133 147 196 227 235 238 246 268 275 289 300 306 315 318 320 331 340 345 347 359 362 368 389 414 430 433 435 497 
211 8 10 33 34 35 37 44 46 85 96 112 115 122 134 141 172 190 193 194 227 253 255 265 288 292 310 325 327 348 400 402 423 458 490 496 
212 3 24 27 40 41 51 60 86 87 108 174 177 180 182 190 195 202 224 233 238 239 245 254 263 264 279 281 283 292 295 301 302 312 321 323 346 356 370 375 397 422 436 451 459 465 486 496 
213 4 17 18 21 51 55 64 65 68 98 140 148 186 187 226 239 242 243 247 264 277 280 324 328 344 353 368 373 403 429 476 
214 0 4 13 19 33 35 48 50 53 67 71 84 88 93 104 138 183 186 199 201 202 206 216 249 267 271 309 325 348 368 374 460 473 477 478 
215 8 33 38 45 51 56 70 71 88 108 113 115 117 130 131 141 144 157 223 245 264 272 281 286 298 305 309 330 338 342 354 361 363 371 373 395 425 429 440 455 475 480 499 
216 17 23 25 29 31 36 57 58 83 103 106 118 127 129 175 190 195 214 227 228 278 301 302 307 339 342 362 377 388 444 446 448 449 477 
217 1 10 18 36 44 48 73 88 90 96 107 120 128 133 138 140 149 150 186 208 223 269 282 306 314 319 332 343 364 368 396 404 443 457 459 485 
218 15 37 45 49 55 63 127 145 155 166 178 227 242 245 271 293 302 308 340 349 379 385 386 413 416 434 435 469 496 
219 6 14 17 29 44 65 102 122 124 164 189 205 243 283 288 315 325 329 333 339 357 359 378 399 412 429 451 476 487 488 497 
220 44 68 79 81 98 100 107 114 120 123 156 182 201 206 207 208 226 239 255 264 267 278 282 296 297 302 308 321 325 329 345 351 357 359 366 415 416 426 435 460 467 480 481 499 
221 7 43 58 63 139 197 236 252 255 278 294 312 317 335 337 381 382 410 414 419 426 433 447 461 498 
222 34 51 53 82 102 104 109 125 163 174 175 180 186 188 223 253 254 263 264 274 303 304 310 321 325 333 349 355 357 363 367 374 400 425 440 446 455 472 494 
223 0 8 23 38 44 56 64 79 84 104 107 109 114 123 142 169 170 195 207 215 217 222 224 235 240 244 319 325 340 359 382 383 394 396 400 449 456 465 476 483 494 
224 37 51 56 98 110 115 121 125 149 162 198 212 223 249 250 277 319 338 341 346 353 389 408 413 445 449 463 465 474 480 484 
225 0 8 13 27 58 72 80 94 98 117 143 154 155 168 176 177 178 196 231 250 253 269 270 271 278 286 287 302 308 354 359 367 392 402 406 410 418 423 430 443 452 475 492 
226 2 17 31 50 68 69 77 93 96 119 136 165 183 185 189 213 220 227 229 253 267 291 301 326 335 343 349 357 372 382 383 452 454 464 468 476 
227 4 14 36 39 95 98 134 147 149 162 166 186 191 202 204 210 211 216 218 226 241 246 272 283 294 297 307 324 325 328 346 365 381 436 442 459 478 481 482 494 496 
228 4 5 22 42 53 60 86 87 88 95 118 135 142 167 191 216 246 286 288 289 291 295 299 306 312 340 365 388 391 401 405 406 407 411 433 443 456 470 483 490 
229 8 30 37 52 53 54 80 86 95 101 103 111 126 134 187 226 233 249 260 261 305 317 349 362 367 378 382 390 401 404 436 447 459 463 464 468 481 495 498 
230 31 61 62 86 92 133 140 142 144 174 231 238 255 269 276 295 300 306 310 314 316 328 341 344 347 353 358 374 376 404 405 409 431 454 462 473 485 
231 18 85 86 95 128 136 138 167 174 195 198 199 225 230 232 248 254 265 268 273 321 327 346 371 375 391 400 402 417 421 431 453 467 479 
232 50 63 82 83 93 96 109 146 149 180 181 188 193 196 231 286 310 354 362 391 422 480 481 497 
233 5 6 15 19 60 80 89 102 105 109 119 123 134 151 152 168 190 212 229 238 240 275 283 309 329 340 376 389 401 402 425 443 447 458 480 498 
234 13 23 24 63 71 83 86 110 125 159 169 175 189 192 198 204 235 241 244 265 269 274 277 278 308 321 322 327 359 367 375 383 392 403 405 413 422 450 453 458 460 464 469 472 474 481 499 
235 32 61 67 89 94 109 116 124 152 155 167 178 183 201 210 223 234 244 256 262 271 275 291 305 308 319 321 322 324 329 330 337 372 375 379 407 410 411 447 459 474 481 489 494 
236 3 4 20 46 47 53 56 135 148 151 159 172 175 181 193 198 209 221 247 265 266 267 276 278 290 299 313 331 338 339 359 362 368 376 397 406 416 422 442 447 476 479 
237 9 33 51 65 68 84 130 153 187 209 239 248 250 265 269 297 300 357 416 433 439 441 444 452 493 496 
238 20 31 39 80 84 87 91 105 106 107 116 146 179 184 189 193 208 210 212 230 233 272 294 297 325 343 344 353 355 364 386 391 412 425 446 460 472 
239 29 42 44 67 73 84 86 87 141 147 150 154 176 196 212 213 220 237 245 250 251 295 317 324 328 343 349 360 373 390 393 411 413 441 445 482 494 
240 12 26 46 48 75 91 124 128 159 169 175 178 196 223 233 251 253 260 263 266 278 280 293 328 354 369 373 376 378 381 396 398 401 402 431 439 459 465 
241 23 35 50 70 96 153 161 168 186 190 227 234 323 345 365 367 402 411 416 
242 0 31 86 110 124 136 141 144 169 173 188 191 201 213 218 297 358 377 395 396 402 415 440 460 
243 30 55 91 102 106 111 112 114 168 174 184 213 219 260 280 288 297 303 304 313 336 345 350 365 367 369 371 392 395 398 400 407 413 432 443 465 466 471 496 
244 39 42 67 80 85 106 135 149 153 163 196 200 202 223 234 235 263 300 315 340 357 363 377 379 382 391 396 421 430 436 471 498 
245 54 55 80 81 91 114 118 142 149 166 167 170 189 196 212 215 218 239 286 287 290 291 294 295 315 328 337 339 343 350 362 379 392 400 404 435 439 447 456 457 459 479 489 499 
246 1 12 26 39 50 59 60 88 91 122 139 160 206 208 210 227 228 267 276 286 310 324 387 392 405 415 420 423 468 480 493 
247 13 16 35 53 57 59 66 67 75 81 106 108 112 147 158 175 213 236 266 270 275 287 310 314 321 328 329 336 340 343 349 351 356 363 371 390 391 399 405 406 413 414 427 434 474 481 487 
248 30 55 74 79 88 106 107 121 124 125 136 149 150 188 196 201 231 237 257 275 281 293 302 309 327 342 343 364 371 372 386 414 417 424 427 454 498 
249 0 10 20 24 40 54 55 56 57 68 75 76 78 95 106 126 138 143 184 186 196 208 214 224 229 279 285 340 343 344 351 354 375 416 434 455 462 480 486 
250 7 23 25 27 31 38 43 56 60 65 80 96 105 117 122 124 127 128 143 152 155 172 181 188 224 225 237 239 268 274 283 289 301 321 322 347 357 384 389 401 422 451 455 457 458 462 478 
251 18 33 34 47 48 61 76 105 107 122 139 182 239 240 261 302 317 323 325 328 333 349 405 420 425 426 437 446 455 456 
252 24 41 67 111 124 145 162 166 184 205 221 267 269 278 300 301 307 319 324 372 381 389 418 429 447 468 474 
253 16 69 110 111 129 146 168 171 198 211 222 225 226 240 255 259 269 281 298 320 325 334 339 340 343 347 352 362 363 372 392 406 420 434 456 459 464 472 478 
254 1 17 30 40 50 71 80 93 94 104 121 124 134 145 186 192 212 222 231 255 289 294 308 309 314 329 338 340 345 350 353 366 367 396 399 402 430 433 452 463 473 475 485 
255 48 69 74 78 81 84 103 111 122 130 158 169 174 176 181 184 189 192 209 211 220 221 230 253 254 274 282 308 309 319 333 336 339 373 392 402 442 448 477 490 491 494 495 498 
256 47 68 79 84 90 94 99 105 123 139 148 151 158 199 204 209 235 304 317 318 334 349 357 372 413 414 417 419 428 431 439 468 488 489 490 491 
257 7 16 28 32 38 86 108 120 128 135 140 148 151 159 171 187 203 248 289 300 317 328 331 337 341 343 352 363 366 386 398 416 431 445 446 449 459 
258 20 38 50 52 67 89 170 179 199 207 272 301 304 307 330 336 347 398 423 426 428 439 450 473 488 
259 0 6 10 17 70 79 84 89 90 91 100 161 168 171 253 284 309 334 349 353 356 357 362 385 393 426 434 448 461 466 468 472 482 490 
260 9 25 34 41 65 67 74 108 114 119 129 136 154 167 181 186 188 199 229 240 243 273 280 304 309 351 376 386 388 390 401 411 423 433 459 467 489 491 
261 18 31 38 51 80 85 88 92 93 101 109 113 125 126 146 149 155 190 193 229 251 266 272 290 321 349 363 377 380 401 402 408 411 419 421 428 440 460 497 
262 41 63 74 95 96 113 118 131 138 153 163 235 264 279 286 319 339 379 396 398 413 427 449 471 476 478 495 499 
263 3 14 76 77 99 103 108 124 127 135 138 148 154 173 176 180 209 212 222 240 244 282 305 353 372 374 375 381 383 388 399 408 419 424 454 461 462 468 477 478 483 484 487 492 
264 2 10 21 25 67 83 104 123 126 141 190 206 212 213 215 220 222 262 286 292 308 314 336 352 353 369 416 432 433 448 457 480 493 498 
265 0 21 33 42 69 88 128 148 156 172 207 211 231 234 236 237 279 304 308 315 342 349 352 357 380 383 391 429 430 444 446 451 469 
266 6 8 39 43 66 69 77 78 84 103 125 135 162 167 181 183 184 187 236 240 247 261 271 280 359 364 387 392 402 406 408 409 411 427 445 449 457 465 468 470 474 480 482 492 
267 20 77 82 98 105 109 110 131 157 162 164 165 172 176 183 186 191 199 214 220 226 236 246 252 270 272 275 276 280 313 330 331 359 367 377 393 409 410 417 422 424 442 453 456 461 469 489 492 497 
268 11 27 31 33 35 38 39 91 102 112 121 132 141 164 183 185 199 204 210 231 250 272 275 280 282 287 288 296 317 334 354 355 364 377 385 389 392 409 427 433 437 440 449 453 456 458 461 475 483 
269 3 44 49 56 78 104 105 111 118 132 139 142 150 172 174 184 201 207 217 225 230 234 237 252 253 278 290 299 305 331 342 346 348 383 385 403 408 416 418 447 471 474 475 480 
270 38 41 47 48 56 58 69 72 118 143 146 162 177 197 225 247 267 333 335 351 373 379 388 398 421 424 430 447 448 469 485 
271 18 43 47 50 70 73 107 131 149 152 154 189 190 214 218 225 235 266 278 286 302 310 311 326 331 334 354 363 380 399 429 432 437 447 448 452 454 457 497 
272 64 86 109 121 123 142 148 149 152 154 164 171 207 215 227 238 258 261 267 268 284 293 303 312 321 323 331 344 352 357 372 374 384 391 416 419 444 454 465 486 493 
273 14 20 72 97 121 129 153 202 205 206 231 260 290 291 297 324 328 342 352 368 382 386 470 480 481 496 
274 1 20 40 51 60 73 87 103 111 119 122 133 151 154 160 180 198 222 234 250 255 289 305 326 338 340 356 379 383 413 429 431 434 462 467 484 491 
275 9 12 23 24 32 59 61 74 78 126 157 158 159 169 197 202 208 210 233 235 247 248 267 268 306 315 316 330 339 349 360 395 399 410 414 425 438 451 455 459 467 482 484 496 499 
276 41 44 75 81 86 95 114 120 135 153 162 164 230 236 246 267 279 281 325 333 336 343 397 433 438 463 465 467 470 478 485 
277 0 12 82 99 114 117 130 136 156 157 160 161 170 171 183 213 224 234 288 316 337 362 367 384 386 411 434 442 445 475 
278 27 28 31 42 46 54 68 79 96 98 137 157 160 173 216 220 221 225 234 236 240 252 269 271 300 303 316 334 372 382 396 407 455 472 478 488 495 
279 31 35 40 47 63 74 85 86 96 103 115 122 149 152 157 165 178 196 202 212 249 262 265 276 281 297 304 317 318 320 326 337 339 363 379 398 406 415 418 423 427 453 466 469 492 497 
280 1 3 39 56 82 99 110 124 150 162 164 192 199 207 213 240 243 260 266 267 268 290 293 296 305 315 323 335 337 342 354 362 364 375 385 416 417 423 425 433 444 470 496 497 
281 77 80 93 95 103 133 147 171 198 207 208 212 215 248 253 276 279 289 298 300 327 335 346 368 374 377 384 397 415 447 455 464 468 469 477 496 498 
282 3 32 40 94 109 114 166 198 206 217 220 255 263 268 296 297 301 311 317 318 343 352 375 378 415 423 455 458 468 470 
283 6 11 21 25 27 30 37 49 81 93 100 102 107 116 126 127 140 154 171 191 195 206 212 219 227 233 250 292 306 334 348 352 360 394 430 460 463 465 472 473 476 
284 13 54 59 62 69 95 105 108 128 131 139 140 142 259 272 285 336 343 345 357 360 380 381 400 416 435 467 469 475 
285 99 100 104 110 117 167 177 249 284 289 314 315 317 322 326 333 345 351 358 371 387 392 404 407 414 416 467 470 482 498 
286 5 13 44 64 70 129 138 175 192 198 205 215 225 228 232 245 246 262 264 271 305 321 323 349 380 397 404 436 
287 23 48 58 67 135 150 153 179 188 225 245 247 268 329 349 370 398 403 411 481 486 494 497 499 
288 9 36 45 86 91 108 119 130 135 136 139 151 154 157 171 187 203 208 211 219 228 243 268 277 298 302 341 360 416 418 430 433 449 458 
289 0 4 20 24 25 56 59 102 135 150 175 195 200 207 210 228 250 254 257 274 281 285 343 352 374 381 441 442 457 468 
290 32 45 60 65 85 99 112 126 130 134 139 176 179 201 204 205 236 245 261 269 273 280 291 316 317 327 331 343 351 352 361 364 371 376 398 400 426 466 467 491 
291 7 9 10 11 12 14 19 21 32 67 77 100 129 141 143 149 158 160 166 179 184 226 228 235 245 273 290 299 310 349 387 388 391 398 419 463 477 485 493 498 
292 31 59 68 75 76 81 90 94 101 111 120 134 136 150 153 181 211 212 264 283 299 305 315 327 340 355 358 369 399 406 413 418 438 444 446 463 464 467 470 
293 4 13 18 23 52 67 97 144 174 191 196 218 240 248 272 280 298 315 328 366 369 408 441 443 446 455 
294 13 28 40 47 50 61 82 94 103 105 135 151 221 227 238 245 254 309 322 336 360 404 423 426 431 446 460 464 469 484 485 
295 29 37 71 92 117 124 183 199 212 228 230 239 245 311 328 356 357 367 383 388 389 411 414 421 433 461 480 482 494 
296 16 22 28 50 77 81 94 108 164 165 180 197 220 268 280 282 305 328 340 357 359 394 414 421 436 441 442 472 499 
297 16 29 96 104 106 113 139 149 160 188 208 220 227 237 238 242 243 273 279 282 307 312 315 329 361 362 365 369 372 399 414 417 430 431 439 443 445 452 497 
298 15 23 30 34 39 63 81 82 87 96 122 123 141 147 155 161 185 188 192 204 215 253 281 288 293 300 328 350 373 387 429 464 471 483 
299 15 29 53 114 124 133 153 179 185 228 236 269 291 292 335 344 365 373 381 390 391 408 421 443 461 479 488 
300 0 12 20 45 72 114 117 182 210 230 237 244 252 257 278 281 298 334 339 349 353 359 363 364 372 389 402 415 417 434 443 445 461 463 470 
301 35 65 99 116 140 166 192 200 207 212 216 226 250 252 258 282 314 322 337 348 366 376 379 382 387 405 416 441 465 468 471 
302 4 5 6 29 66 70 81 99 114 116 126 140 177 191 209 212 216 218 220 225 248 251 271 288 309 321 333 337 341 344 346 383 389 415 419 435 442 487 
303 1 10 32 34 60 96 102 111 143 168 177 185 188 189 191 205 222 243 272 278 308 323 325 327 335 339 355 366 368 378 384 396 411 414 428 446 448 453 470 476 482 485 486 490 
304 24 36 42 43 83 104 125 126 136 139 143 151 152 162 166 195 205 222 243 256 258 260 265 279 312 318 320 321 330 333 349 354 362 363 377 389 408 409 424 425 451 456 461 498 
305 25 36 39 42 43 63 68 69 80 93 94 98 101 121 135 143 149 194 195 203 209 215 229 235 263 269 274 280 286 292 296 320 341 365 367 374 446 468 495 
306 21 54 55 61 71 97 152 162 177 189 210 217 228 230 275 283 312 315 330 331 339 357 360 377 389 390 421 452 461 462 490 493 
307 12 21 33 59 60 66 73 96 112 124 130 139 162 165 177 184 189 204 216 227 252 258 297 333 353 356 358 361 373 375 393 429 443 461 489 
308 25 37 59 60 90 91 106 124 131 159 178 199 208 218 220 225 234 235 254 255 264 265 303 310 329 334 351 365 366 385 399 447 448 456 457 460 464 465 473 483 
309 5 12 69 70 79 90 101 128 129 149 156 174 181 201 214 215 233 248 254 255 259 260 294 302 311 342 353 386 395 399 401 430 442 453 468 472 477 
310 3 43 47 64 76 89 94 97 108 115 118 151 160 201 202 211 222 230 232 246 247 271 291 308 320 323 336 346 382 391 411 417 418 453 455 478 483 485 493 
311 3 10 12 14 21 79 87 101 103 123 147 149 164 173 206 271 282 295 309 357 372 383 401 403 437 439 457 461 496 
312 13 17 21 26 30 34 40 42 62 73 81 107 108 111 117 133 146 151 155 194 200 201 212 221 228 272 297 304 306 339 348 349 350 355 372 386 398 399 433 460 465 468 473 475 488 
313 8 15 20 25 71 77 87 94 123 153 168 202 203 236 243 267 315 318 327 396 398 425 438 450 453 488 
314 1 8 21 41 44 56 76 129 137 144 148 155 159 161 162 169 170 187 196 198 201 206 217 230 247 254 264 285 301 343 360 372 401 402 406 409 410 429 431 446 481 498 499 
315 13 25 43 57 66 75 150 159 176 210 219 244 245 265 275 280 285 292 293 297 306 313 328 339 352 373 376 382 404 406 416 418 436 437 438 443 481 482 
316 19 20 23 29 59 68 84 95 97 103 121 123 126 139 148 156 163 194 230 275 277 278 290 340 345 355 364 385 414 435 436 444 478 494 497 
317 14 42 45 46 58 62 72 81 82 88 139 155 163 166 176 189 190 202 221 229 239 251 256 257 268 279 282 285 290 326 328 330 334 338 356 369 374 407 477 484 
318 4 20 33 47 62 80 87 114 136 170 178 186 196 204 210 256 279 282 304 313 325 350 378 383 388 392 405 408 420 442 450 457 460 461 466 
319 8 33 60 69 82 93 143 151 153 160 166 205 217 223 224 235 252 255 262 331 339 359 395 403 409 421 440 453 463 472 475 476 492 
320 17 22 29 44 61 67 68 101 127 150 162 181 199 210 253 279 304 305 310 342 344 386 387 390 391 402 404 416 473 480 486 489 493 
321 28 40 70 98 111 141 143 145 146 148 162 165 166 201 212 220 222 231 234 235 247 250 261 272 286 302 304 322 363 375 440 453 458 463 482 487 497 
322 11 53 76 80 113 127 131 135 143 145 153 160 172 179 186 201 234 235 250 285 294 301 321 346 366 382 392 396 400 421 424 425 426 429 437 449 451 453 456 495 
323 3 27 54 58 69 84 113 114 118 155 161 164 171 177 196 198 212 241 251 272 280 286 303 310 341 342 367 368 385 402 403 421 422 426 431 443 451 452 455 462 483 494 
324 36 47 51 80 85 100 113 122 132 144 145 154 158 163 196 208 213 227 235 239 246 252 273 331 366 372 432 436 444 449 469 476 489 
325 38 41 53 60 65 113 115 119 124 176 190 192 193 211 214 219 220 222 223 227 238 251 253 276 303 318 336 356 371 377 379 395 411 420 427 439 447 465 477 485 493 
326 8 9 12 18 20 26 51 61 73 80 89 128 138 172 187 192 226 271 274 279 285 317 344 369 381 383 397 400 432 439 466 467 470 476 477 
327 12 14 31 48 52 61 74 77 85 125 126 129 153 156 203 204 205 211 231 234 248 281 290 292 303 313 335 339 343 346 347 354 358 361 364 373 384 390 393 396 399 421 423 443 452 455 462 472 
328 16 22 34 38 87 91 106 108 131 140 143 151 153 174 202 213 227 230 239 240 245 247 251 257 273 293 295 296 298 315 317 338 342 348 356 362 393 403 413 429 430 439 453 462 478 494 496 
329 14 19 34 55 58 64 88 93 99 107 119 120 128 136 141 158 163 178 183 188 189 191 192 195 219 220 233 235 247 254 287 297 308 339 348 373 377 391 405 415 420 425 435 443 445 449 468 493 
330 3 12 14 16 26 41 61 65 76 108 120 135 136 162 178 180 190 205 215 235 258 267 275 304 306 317 333 335 376 405 406 429 453 458 463 491 497 499 
331 22 45 83 122 146 167 172 206 210 236 257 267 269 271 272 290 306 319 324 339 353 359 363 370 392 410 420 439 440 
332 21 32 57 68 69 100 109 114 115 146 166 170 187 194 197 217 339 350 355 398 410 412 414 450 457 459 493 
333 4 8 21 33 45 48 52 75 89 94 111 132 139 148 152 163 182 184 200 201 203 219 222 251 255 270 276 285 302 304 307 330 355 417 421 430 440 444 473 491 
334 18 31 49 59 92 99 109 119 126 140 149 156 160 166 174 180 187 191 253 256 259 268 271 278 283 300 308 317 337 340 362 382 389 390 396 397 399 401 443 455 467 469 475 481 488 495 496 
335 16 17 27 30 50 52 59 92 123 127 150 169 178 181 221 226 270 280 281 299 303 327 330 336 346 373 382 400 413 423 428 443 488 490 
336 8 16 31 44 65 83 94 149 151 153 166 186 206 243 247 255 258 264 276 284 294 310 325 335 339 356 362 376 404 410 421 426 437 442 454 474 477 
337 12 24 38 56 80 92 100 110 125 142 182 187 202 221 235 245 257 277 279 280 301 302 334 339 349 371 373 400 404 414 415 416 424 434 447 451 468 471 486 
338 27 72 77 83 98 109 148 156 160 162 170 199 200 215 224 236 254 274 317 328 345 347 353 355 370 402 422 447 458 460 
339 2 5 8 29 35 41 48 58 85 88 89 109 121 141 150 173 181 196 204 209 216 219 236 245 253 255 262 275 279 300 303 306 312 315 319 327 329 331 332 336 337 358 366 369 384 387 405 429 430 435 438 447 459 462 477 480 487 
340 2 15 33 34 35 52 58 88 96 138 140 164 179 187 201 209 210 218 223 228 233 244 247 249 253 254 274 292 296 316 334 359 365 374 380 385 399 408 411 416 436 445 460 465 476 493 
341 3 4 7 14 15 20 27 28 30 32 41 57 58 67 68 84 86 91 96 99 109 145 146 176 185 195 196 208 224 230 257 288 302 305 323 345 397 417 470 475 
342 2 4 12 19 22 30 32 35 37 40 87 97 120 154 171 189 198 215 216 248 265 269 273 280 309 320 323 328 347 361 379 425 453 463 468 479 
343 0 20 22 26 30 34 43 60 63 93 94 95 109 117 132 185 191 202 207 217 226 238 239 245 247 248 249 253 257 276 282 284 289 290 314 327 356 360 372 375 382 390 409 412 429 443 447 448 451 456 465 472 475 484 487 488 
344 10 11 15 33 76 79 92 104 132 136 142 150 161 207 213 230 238 249 272 299 302 320 326 353 357 363 365 371 375 380 424 428 439 460 469 485 489 
345 2 10 54 59 66 77 80 91 103 109 115 129 130 134 141 155 163 189 201 207 210 220 241 243 254 284 285 316 338 341 350 361 371 385 386 392 394 410 429 435 464 482 499 
346 33 35 62 77 80 82 84 85 102 109 126 132 135 142 153 165 168 212 224 227 231 269 281 302 310 322 327 335 362 370 399 420 443 465 488 
347 3 11 14 49 54 101 102 105 169 174 198 202 204 210 230 250 253 258 327 338 342 366 387 394 399 400 405 457 467 471 473 
348 2 6 25 29 53 65 69 75 82 92 107 119 137 143 187 188 211 214 269 283 301 312 328 329 363 399 414 417 435 449 470 479 498 
349 7 8 13 44 62 65 80 88 90 113 117 118 121 132 145 157 175 182 188 192 200 209 218 222 226 229 239 247 251 256 259 261 265 275 286 287 291 300 304 312 337 353 356 357 367 371 385 460 482 485 487 496 
350 46 64 76 77 83 149 170 180 182 188 192 243 245 254 298 312 318 332 345 359 385 399 400 414 428 443 462 467 481 499 
351 14 35 51 52 77 89 220 247 249 260 270 285 290 308 354 357 361 363 373 401 434 436 457 461 465 496 
352 12 13 42 80 82 85 110 113 116 118 132 145 180 205 207 253 257 264 265 272 273 282 283 289 290 315 360 362 382 396 444 450 464 467 469 470 475 477 492 499 
353 43 57 60 76 95 100 111 113 114 149 173 176 177 182 198 199 202 213 224 230 238 254 259 263 264 300 307 309 331 338 344 349 356 371 377 421 481 
354 8 15 23 55 63 94 100 104 116 118 149 152 155 162 163 185 190 197 204 215 225 232 240 249 268 271 280 304 327 351 367 379 380 405 418 439 460 468 487 488 489 491 497 
355 13 61 68 119 130 137 142 147 164 197 222 238 268 292 303 312 316 332 333 338 361 385 426 444 475 479 
356 6 11 22 23 37 50 51 53 60 67 69 75 111 113 135 155 188 212 247 259 274 295 307 317 325 328 336 343 349 353 364 367 370 421 427 440 452 462 484 499 
357 27 95 110 111 116 117 127 131 133 136 147 151 182 191 203 219 220 222 226 237 244 250 256 259 265 272 284 295 296 306 311 344 349 351 423 436 464 482 488 
358 3 6 7 25 51 55 72 106 121 140 151 190 199 204 206 230 242 285 292 307 327 339 365 391 400 404 409 423 425 427 457 462 475 477 479 483 485 490 498 
359 15 59 65 95 98 112 114 116 201 210 219 220 223 225 234 236 266 267 296 300 319 331 340 350 365 393 409 411 433 454 461 474 
360 2 9 34 37 39 46 52 64 69 71 76 94 97 126 131 137 144 149 165 185 193 205 239 275 283 284 288 294 306 314 343 352 365 366 368 375 379 385 386 389 414 448 454 461 466 482 486 
361 27 33 38 39 44 60 61 62 114 117 126 128 157 164 192 202 215 290 297 307 327 342 345 351 355 364 376 382 391 415 437 439 442 475 482 
362 4 5 32 88 101 106 112 121 125 134 138 143 144 202 203 210 216 229 232 236 245 253 259 277 280 297 304 328 334 336 346 352 381 385 387 393 399 430 440 455 487 491 
363 0 17 33 39 60 69 89 97 130 142 148 156 160 192 215 222 244 247 253 257 261 271 279 300 304 321 331 344 348 351 365 368 373 376 418 426 429 464 485 
364 5 19 49 57 123 133 154 161 164 179 187 202 217 238 248 266 268 280 290 300 316 327 356 361 383 403 404 426 432 475 
365 3 24 74 79 85 89 106 132 134 139 140 147 158 166 171 176 198 203 209 227 228 241 243 297 299 305 308 340 344 358 359 360 363 372 374 396 447 450 454 455 457 467 468 489 
366 29 54 79 83 88 99 115 118 122 137 151 155 196 197 220 254 257 293 301 303 308 322 324 339 347 360 394 395 403 409 415 416 421 429 443 448 485 499 
367 8 9 27 29 30 36 46 58 99 118 119 120 126 132 149 157 186 204 222 225 229 234 241 243 254 267 277 295 305 323 349 354 356 387 419 426 429 433 440 489 
368 5 7 18 21 35 39 59 65 91 110 131 144 156 173 184 187 188 198 200 208 210 213 214 217 236 273 281 303 323 360 363 377 380 388 410 417 418 434 444 455 459 462 465 472 491 
369 3 5 6 15 21 26 38 43 44 67 81 91 93 108 119 124 134 141 178 240 243 264 292 293 297 317 326 339 401 404 417 431 446 451 456 465 466 480 491 492 
370 12 37 38 64 84 91 115 124 154 155 161 202 212 287 331 338 346 356 372 423 434 451 474 483 485 
371 7 15 16 19 39 44 80 124 138 150 171 183 207 215 231 243 247 248 285 290 325 337 344 345 349 353 373 376 408 419 441 458 491 495 
372 3 4 24 42 66 67 98 111 127 165 191 226 235 248 252 253 256 263 272 278 297 300 311 312 314 324 343 365 370 375 389 395 399 402 411 418 420 432 446 459 471 472 495 
373 1 5 18 28 42 43 55 81 85 119 141 151 154 159 184 199 209 213 215 239 240 255 270 298 299 307 315 327 329 335 337 351 363 371 379 395 396 436 444 480 493 
374 9 43 44 48 56 71 81 87 109 116 123 126 131 136 144 154 178 214 222 230 263 272 281 289 305 317 340 365 375 383 386 391 422 426 434 450 453 460 492 499 
375 4 11 16 18 40 44 61 62 64 77 82 90 97 123 143 157 174 177 207 212 231 234 235 249 263 280 282 307 321 343 344 360 372 374 401 480 484 
376 36 73 75 87 95 103 109 110 138 140 141 151 166 169 180 207 230 233 236 240 260 290 301 315 330 336 361 363 371 396 399 417 422 465 493 498 
377 23 43 55 75 91 94 98 99 109 120 139 140 173 176 184 198 202 206 207 216 242 244 261 267 268 281 304 306 325 329 353 368 392 396 399 424 
378 7 28 32 34 37 66 77 97 99 128 168 177 185 209 219 229 240 282 303 318 394 407 414 446 447 480 490 
379 17 39 57 74 93 98 110 113 119 134 136 158 170 172 218 235 244 245 262 270 274 279 301 325 342 354 360 373 389 392 395 429 443 472 498 499 
380 3 6 10 16 28 31 53 58 66 97 101 106 108 163 164 168 175 180 186 261 265 271 284 286 340 344 354 368 393 435 454 489 491 496 
381 5 16 29 42 61 72 74 87 101 104 111 114 117 129 138 154 181 201 207 221 227 240 252 263 284 289 299 326 362 386 391 394 406 414 429 439 443 449 460 474 491 497 
382 9 10 19 26 29 38 41 72 86 93 115 125 142 185 192 203 221 223 226 229 244 273 278 301 310 315 322 334 335 343 352 361 403 416 430 468 475 481 482 496 
383 1 10 14 47 48 51 54 56 65 100 121 191 201 223 226 234 263 265 269 274 295 302 311 318 326 364 374 387 397 398 399 400 408 410 416 423 431 433 443 444 447 471 473 
384 2 13 33 36 41 42 44 49 54 55 80 112 123 128 140 151 166 170 201 250 272 277 281 303 327 339 396 405 421 446 451 459 460 463 466 467 486 495 
385 15 27 32 33 117 121 132 159 165 172 218 259 268 269 280 308 316 323 340 345 349 350 355 360 362 387 393 415 461 472 473 491 
386 3 16 40 47 69 70 84 93 103 105 106 110 153 201 206 218 238 248 257 260 273 277 309 312 320 345 360 374 381 388 402 432 483 
387 1 6 55 67 80 116 121 124 127 130 148 165 171 180 204 205 246 266 285 291 298 301 320 339 347 362 367 383 385 392 415 432 435 436 455 460 462 484 
388 4 27 60 68 84 89 110 117 150 170 198 199 208 216 228 260 263 270 291 295 318 368 386 397 417 423 446 448 467 
389 2 20 37 43 83 112 118 130 133 145 147 155 161 177 194 204 206 210 224 233 250 252 268 295 300 302 304 306 334 360 372 379 419 460 467 481 493 495 
390 10 21 57 64 94 95 119 129 155 161 165 167 171 194 206 229 239 247 260 299 306 320 327 334 343 391 397 430 445 454 461 469 
391 7 20 24 30 36 46 53 77 150 162 179 180 190 205 206 228 231 232 238 244 247 265 272 291 299 310 320 329 358 361 374 381 390 393 411 437 462 469 471 491 494 
392 23 66 68 79 103 105 108 116 120 121 136 145 155 164 168 175 187 198 225 234 243 245 246 253 255 266 268 285 318 322 331 345 377 379 387 398 428 436 437 461 480 495 
393 38 42 48 49 65 73 75 76 98 102 122 141 162 163 174 196 239 259 267 307 327 328 359 362 380 385 391 421 430 448 492 496 499 
394 0 31 32 48 55 69 81 85 107 119 135 138 144 162 174 181 198 223 283 296 345 347 366 378 381 397 401 411 421 427 429 432 467 483 495 
395 25 39 78 93 98 127 145 203 215 242 243 275 309 319 325 366 372 373 379 411 428 452 454 455 462 
396 4 8 10 31 34 47 56 57 69 99 113 139 146 151 162 173 185 188 193 195 208 217 223 240 242 244 254 262 278 303 313 322 327 334 352 365 373 376 377 384 399 403 418 422 442 466 468 488 489 490 494 
397 0 1 12 35 40 75 76 94 103 104 108 157 158 166 170 189 193 212 236 276 281 286 326 334 341 383 388 390 394 405 411 436 469 471 474 478 495 
398 2 8 24 33 60 62 69 73 84 98 115 122 150 157 164 167 173 192 207 240 243 257 258 262 270 279 287 290 291 312 313 332 383 392 401 422 431 448 457 468 474 476 480 490 
399 27 31 46 76 103 104 108 111 118 127 147 160 172 175 208 209 219 247 254 263 271 275 292 297 308 309 312 327 334 340 346 347 348 350 362 372 376 377 383 396 403 407 418 425 440 457 474 476 490 493 
400 8 17 23 56 70 72 96 116 127 133 146 211 222 223 231 243 245 284 290 322 326 335 337 347 350 358 383 401 424 425 436 453 465 466 491 499 
401 7 23 34 56 59 72 84 92 94 105 111 132 197 206 228 229 233 240 250 260 261 309 311 314 334 351 369 375 394 398 400 413 418 419 420 439 464 481 487 492 493 
402 0 8 14 39 47 50 75 78 85 110 115 117 118 125 136 142 149 161 166 197 203 209 211 225 231 233 240 241 242 254 255 261 266 300 314 320 323 338 372 386 408 417 428 429 430 440 469 481 488 
403 0 17 29 35 96 153 155 157 198 206 213 234 269 287 311 319 323 328 364 366 382 396 399 412 413 419 442 450 468 476 481 
404 2 10 11 14 29 40 53 56 57 59 75 85 88 97 133 149 161 163 173 194 217 229 230 245 285 286 294 315 320 336 337 358 364 369 411 416 448 460 462 
405 10 23 38 41 44 46 82 115 121 150 174 228 230 234 246 247 251 301 318 329 330 339 347 354 384 397 406 417 437 445 450 459 467 473 
406 2 40 48 50 73 78 88 116 125 146 163 172 179 204 209 225 228 236 247 253 266 279 292 314 315 330 381 405 431 462 485 
407 7 21 31 40 63 78 110 153 154 159 175 183 189 192 209 228 235 243 278 285 317 378 399 427 435 438 474 
408 18 23 92 108 114 137 167 172 176 178 224 261 263 266 269 293 299 304 318 340 371 383 402 411 417 463 472 476 
409 34 40 58 60 79 93 103 128 161 171 178 182 185 199 201 230 266 267 268 304 314 319 343 358 359 366 425 426 438 454 458 468 470 493 496 
410 11 14 18 21 32 36 52 71 81 88 112 138 186 221 225 235 267 275 314 331 332 336 345 368 383 418 456 459 461 477 479 498 
411 5 8 24 43 68 84 94 100 130 136 152 157 176 178 180 183 207 228 235 239 241 260 261 266 277 287 295 303 310 325 340 359 372 391 394 395 397 404 408 417 424 432 435 454 481 490 499 
412 28 42 55 79 107 110 112 127 131 159 175 179 203 205 219 238 332 343 403 422 429 439 446 484 488 490 
413 29 70 72 93 98 102 114 119 124 145 150 158 165 204 218 224 234 239 243 247 256 262 274 292 328 335 401 403 419 420 427 441 445 450 454 467 469 490 
414 13 15 19 23 76 77 82 90 110 113 117 118 120 122 138 140 141 144 157 188 202 206 210 221 247 248 256 275 285 295 296 297 303 316 332 337 348 350 360 378 381 428 437 449 452 459 470 486 
415 15 16 31 34 49 61 66 79 114 119 130 152 173 186 189 196 220 242 246 279 281 282 300 302 329 337 361 366 385 387 432 448 461 480 
416 15 23 55 72 75 97 102 129 138 147 153 154 218 220 236 237 241 249 257 264 269 272 280 284 285 288 301 315 320 337 340 366 382 383 404 442 449 458 463 475 
417 12 33 56 62 87 91 112 123 135 150 163 176 177 181 231 248 256 267 280 297 300 310 333 341 348 368 369 376 388 402 405 408 411 418 420 428 446 450 454 469 472 485 496 
418 1 11 33 35 37 39 42 46 55 57 62 65 111 134 141 153 157 173 189 193 225 252 269 279 288 292 310 315 354 363 368 372 396 399 401 410 417 432 454 459 462 
419 8 15 23 32 45 49 62 70 75 76 85 110 123 125 129 130 132 145 162 183 193 195 197 203 221 256 261 263 272 291 302 367 371 389 401 403 413 422 440 466 476 480 488 491 
420 23 46 93 156 192 197 204 209 246 251 253 318 325 329 331 346 372 401 413 417 452 455 472 482 489 496 
421 10 24 96 97 108 136 137 148 157 182 195 207 231 244 261 270 295 296 299 306 319 322 323 327 333 336 353 356 366 384 393 394 427 438 450 463 470 472 478 485 487 491 492 499 
422 0 14 27 44 46 68 93 104 108 114 121 123 125 151 180 192 198 201 207 212 232 234 236 250 267 323 338 374 376 396 398 412 419 423 428 466 473 476 499 
423 11 23 26 39 88 103 111 117 128 144 150 160 165 177 194 196 207 211 225 246 258 260 279 280 282 294 327 335 357 358 370 383 388 422 431 439 472 479 484 497 
424 1 11 28 44 57 58 70 71 87 120 154 169 181 187 192 205 248 263 267 270 304 322 337 344 377 400 411 448 463 469 484 
425 9 14 20 25 62 97 100 110 134 135 144 148 150 158 184 189 198 199 215 222 233 238 251 275 280 304 313 322 329 342 358 399 400 409 433 444 496 497 
426 1 26 54 59 60 73 98 99 147 149 155 192 197 220 221 251 258 259 290 294 322 323 336 355 363 364 367 374 409 437 457 459 469 481 485 498 
427 11 19 35 57 58 59 89 97 134 135 141 143 156 160 168 171 185 247 248 262 266 268 279 325 356 358 394 407 413 421 439 447 480 494 
428 5 25 46 51 64 77 101 109 112 115 116 138 146 147 152 155 159 163 189 197 256 258 261 303 335 344 350 392 395 402 414 417 422 450 498 
429 7 9 21 29 35 44 45 51 102 112 122 129 147 198 200 201 207 213 215 219 252 265 271 274 298 307 314 322 328 330 339 343 345 363 366 367 379 381 394 402 412 437 450 473 
430 4 10 38 51 81 89 109 113 134 138 156 158 161 178 185 205 210 225 244 254 265 270 283 288 297 309 328 333 339 362 382 390 393 402 444 445 449 475 480 490 496 498 
431 8 9 20 29 33 84 95 100 108 131 137 138 144 152 170 188 192 208 230 231 240 256 257 274 294 297 314 323 369 383 398 406 423 438 470 
432 0 1 15 22 39 48 84 87 94 99 109 113 125 140 141 171 208 243 264 271 324 326 364 372 386 387 394 411 415 418 439 446 454 458 465 469 476 497 
433 11 15 29 34 63 82 84 102 110 125 151 177 180 201 202 210 221 228 237 254 260 264 268 276 280 288 295 312 359 367 383 425 445 470 475 492 494 
434 4 7 23 28 38 49 86 89 101 106 111 120 123 125 156 208 218 247 249 253 259 274 277 300 337 351 368 370 374 438 455 474 481 489 494 
435 4 11 14 18 25 39 42 45 70 73 126 154 182 201 209 210 218 220 245 284 302 316 329 339 345 348 380 387 407 411 447 458 489 
436 58 70 72 74 87 91 94 103 108 118 124 132 140 155 161 169 171 202 212 227 229 244 286 296 315 316 324 340 351 357 373 387 392 397 400 444 478 480 491 
437 11 18 35 36 50 56 86 97 102 123 134 154 165 171 174 175 179 182 185 186 251 268 271 311 315 322 336 361 391 392 405 414 426 429 440 456 
438 11 30 53 81 88 101 106 133 135 157 163 177 195 275 276 292 313 315 339 407 409 421 431 434 449 468 483 491 494 496 
439 4 17 44 55 72 77 87 101 110 172 180 190 237 240 245 256 258 297 311 325 326 328 331 344 354 361 381 401 412 423 427 432 452 471 472 
440 7 18 24 41 43 45 46 56 80 86 87 92 93 99 123 125 147 158 168 202 215 222 242 261 268 319 321 331 333 356 362 367 399 402 419 437 481 493 497 
441 1 3 18 25 28 47 55 75 79 95 98 162 175 202 237 239 289 293 296 301 371 413 442 444 447 472 474 492 
442 44 57 66 72 80 84 127 136 137 151 154 176 199 207 227 236 255 267 277 289 296 302 309 318 336 361 396 403 416 441 451 454 466 
443 18 35 57 64 68 70 71 82 87 101 114 118 163 175 203 217 225 228 233 243 293 297 299 300 307 315 323 327 329 334 335 343 346 350 366 379 381 383 451 465 471 478 483 488 497 498 
444 11 25 33 64 82 84 91 93 107 122 126 149 150 157 158 170 171 186 189 193 207 216 237 265 272 280 292 316 324 333 352 355 368 373 383 425 430 436 441 449 494 
445 33 48 81 85 98 129 131 137 168 177 181 203 224 239 257 266 277 297 300 329 340 390 405 413 430 433 456 465 
446 24 42 47 53 58 66 77 88 108 117 122 135 138 150 154 155 164 185 190 203 208 216 222 238 251 257 265 292 293 294 303 305 314 369 372 378 384 388 412 417 432 454 457 465 473 489 491 492 
447 8 38 71 84 119 120 134 152 188 200 201 203 221 229 233 235 236 245 252 269 270 271 281 308 325 337 338 339 343 365 378 383 427 435 441 449 457 463 464 476 
448 9 25 27 43 54 74 81 82 104 114 123 124 137 145 157 162 166 194 216 255 259 264 270 271 303 308 343 360 366 388 393 398 404 415 424 465 469 470 479 485 498 
449 35 84 91 158 186 187 200 203 216 223 224 257 262 266 268 288 322 324 329 348 381 414 416 430 438 444 447 467 480 
450 0 40 53 81 95 99 102 110 112 129 133 182 191 196 201 206 234 258 313 318 332 352 365 374 403 405 413 417 421 428 429 461 464 465 466 471 498 
451 4 10 22 27 55 57 77 86 101 103 116 134 140 165 185 194 212 219 250 265 275 304 322 323 337 343 369 370 384 442 443 480 497 
452 18 19 38 46 55 69 74 97 103 111 122 132 133 147 188 225 226 237 254 271 297 306 323 327 356 395 414 420 439 457 470 476 490 
453 15 29 43 66 71 75 94 97 144 187 192 209 231 234 267 268 279 303 309 310 313 319 321 322 328 330 342 374 400 458 465 467 469 475 479 493 
454 11 19 26 61 73 74 100 117 131 170 173 194 226 230 248 263 271 272 336 359 360 365 380 390 395 409 411 413 417 418 432 442 446 464 468 473 
455 1 5 28 34 91 116 127 162 191 215 222 249 250 251 275 278 281 282 293 310 323 327 334 362 365 368 387 395 420 434 474 479 
456 0 11 79 87 106 126 127 173 176 182 184 186 197 203 223 228 245 251 253 267 268 304 308 322 343 369 410 437 445 457 480 496 
457 0 55 63 83 92 94 111 118 138 151 154 161 168 170 174 183 184 185 190 217 245 250 264 266 271 289 308 311 318 332 347 351 358 365 398 399 426 446 447 452 456 458 464 467 486 
458 17 21 32 41 44 45 49 50 52 53 56 79 88 94 107 116 132 148 155 176 180 208 211 233 234 250 268 282 288 321 330 338 371 409 416 432 435 453 457 466 490 
459 4 22 31 36 37 39 43 66 76 105 119 140 150 176 212 217 227 229 235 240 245 253 257 260 275 332 339 368 372 384 405 410 414 418 426 462 468 469 481 487 
460 3 4 10 46 70 97 103 133 144 158 162 172 198 204 214 220 234 238 242 261 283 294 308 312 318 338 340 344 349 354 374 381 384 387 389 404 483 492 
461 2 23 28 30 43 58 60 78 86 97 107 112 124 137 146 159 175 180 204 221 259 263 267 268 295 299 300 304 306 307 311 318 351 359 360 385 390 392 410 415 450 483 497 
462 2 48 57 63 89 91 104 126 147 172 179 230 249 250 263 274 306 323 327 328 339 350 356 358 368 387 391 395 404 406 418 459 479 484 
463 15 24 39 40 43 46 50 58 72 88 130 139 157 170 186 205 224 229 254 276 283 291 292 300 319 321 330 342 384 408 416 421 424 447 468 
464 1 17 55 67 69 103 113 117 136 142 144 149 152 164 165 183 226 229 234 253 281 292 294 298 308 345 352 357 363 401 447 450 454 457 468 475 489 496 499 
465 3 6 20 21 41 54 60 62 69 76 78 86 107 133 156 164 171 178 182 187 189 195 199 204 212 223 224 240 243 266 272 276 283 301 308 312 325 340 343 346 351 368 369 376 400 432 443 445 446 448 450 453 491 
466 26 29 34 45 51 127 198 243 259 279 290 318 326 360 369 384 396 400 419 422 442 450 458 467 476 478 497 
467 24 29 62 97 103 113 120 131 139 147 199 220 231 260 274 275 276 284 285 290 292 326 334 347 350 352 365 384 388 389 394 405 413 449 453 457 466 499 
468 5 10 23 49 136 138 194 198 226 229 246 252 256 259 263 266 281 282 289 301 305 309 312 329 337 342 354 365 382 396 398 403 409 438 454 459 463 464 473 477 
469 1 18 26 40 58 80 90 121 130 183 218 234 265 267 270 279 281 284 294 324 334 344 352 390 391 397 402 413 417 424 426 432 448 453 459 478 489 498 
470 1 23 32 37 45 67 80 119 121 130 159 171 193 209 228 266 273 276 280 282 285 292 300 303 326 341 348 352 409 414 421 431 433 448 452 492 
471 7 14 28 30 42 50 54 56 79 108 193 199 243 244 262 269 298 301 337 347 372 383 391 397 439 443 450 
472 13 56 86 90 101 128 129 155 165 166 222 234 238 253 259 278 283 296 309 319 327 343 368 372 379 385 408 417 420 421 423 439 441 478 486 490 494 
473 10 42 45 56 61 71 77 89 110 132 169 174 175 184 214 230 254 258 283 308 312 320 333 347 383 385 405 422 429 446 454 468 474 480 
474 28 33 34 39 74 79 101 119 121 146 172 200 224 234 235 247 252 266 269 336 359 370 381 397 398 399 407 434 441 455 473 489 493 
475 0 17 39 49 57 71 77 78 107 113 120 122 127 134 143 160 202 215 225 254 268 269 277 284 312 319 334 341 343 352 355 358 361 364 382 416 430 433 453 464 492 
476 8 30 37 94 104 121 181 190 196 198 204 213 219 223 226 236 262 283 303 319 324 326 340 398 399 403 408 419 422 432 447 452 466 496 
477 10 14 17 26 36 41 69 90 104 126 138 141 162 165 189 192 214 216 255 263 281 291 309 317 325 326 336 339 352 358 410 468 480 489 490 
478 1 13 41 72 80 90 100 114 134 145 155 175 180 188 191 196 214 227 250 253 262 263 276 278 310 316 328 397 421 436 443 466 469 472 
479 5 24 28 49 99 102 121 125 126 129 130 161 182 189 199 204 231 236 245 299 342 348 355 358 410 423 448 453 455 462 483 484 
480 0 7 19 45 49 54 58 78 79 91 115 129 137 148 179 184 205 215 220 224 232 233 246 249 264 266 269 273 295 320 339 369 373 375 378 392 398 415 419 427 430 436 449 451 456 473 477 481 488 489 
481 5 13 21 32 34 36 62 65 89 99 101 103 113 141 145 151 162 163 173 176 191 196 201 204 207 220 227 229 232 234 235 247 273 287 314 315 334 350 353 382 389 401 402 403 411 426 434 440 459 480 
482 5 8 38 39 61 62 83 87 92 107 110 138 144 146 201 205 206 208 227 239 259 266 275 285 295 303 315 321 345 349 357 360 361 382 420 490 494 495 
483 10 14 16 20 28 40 56 64 116 134 146 174 188 194 204 223 228 263 268 298 308 310 323 358 370 386 394 438 443 460 461 479 
484 34 38 43 49 72 88 98 112 119 135 183 187 189 201 224 263 274 275 294 317 343 356 375 387 412 423 424 462 479 489 
485 16 52 88 101 112 116 145 153 192 204 208 217 230 254 270 276 291 294 303 310 325 344 349 358 363 366 370 406 417 421 426 448 
486 4 5 10 45 46 54 57 60 62 93 112 119 140 157 162 178 180 190 198 205 212 249 272 287 303 320 337 360 384 414 457 472 490 
487 14 48 59 61 66 92 101 103 106 107 114 121 131 140 145 147 152 159 175 186 188 192 198 219 247 263 302 321 339 343 349 354 362 401 421 459 
488 17 18 26 27 32 39 42 63 84 90 125 135 138 140 154 163 168 170 182 219 256 258 278 299 312 313 334 335 343 346 354 357 396 402 412 419 443 480 
489 18 19 37 45 46 65 79 87 98 101 121 141 172 179 181 182 235 245 256 260 267 307 320 324 344 354 365 367 380 396 420 434 435 446 464 469 474 477 480 484 492 498 
490 2 96 143 152 161 170 172 193 208 211 228 255 256 259 303 306 335 358 378 396 398 399 411 412 413 430 452 458 472 477 482 486 492 494 
491 4 10 17 26 49 91 98 108 113 119 136 169 196 204 255 256 260 274 290 330 333 354 362 368 369 371 380 381 385 391 400 419 421 436 438 446 465 494 
492 4 17 28 29 40 77 89 103 132 153 156 176 186 187 188 191 225 263 266 267 279 319 352 369 374 393 401 421 433 441 446 460 470 475 489 490 499 
493 10 27 45 47 66 76 86 88 90 91 101 127 131 162 175 176 205 237 246 264 272 291 306 310 320 325 329 332 340 373 376 389 399 401 409 440 453 474 
494 4 12 14 19 28 64 69 71 93 113 158 182 184 203 205 222 223 227 235 239 255 287 295 316 323 328 391 396 427 433 434 438 444 472 482 490 491 
495 4 6 11 17 22 92 110 117 175 189 192 203 229 255 262 278 305 322 334 371 372 384 389 392 394 397 482 
496 65 67 103 104 106 125 140 161 186 200 208 211 212 218 227 237 243 273 275 280 281 311 328 334 349 351 380 382 393 409 417 420 425 430 438 456 464 476 
497 6 13 35 37 46 49 65 73 112 117 130 146 155 171 178 185 191 210 219 232 261 267 271 279 280 287 297 316 321 330 354 381 423 425 432 440 443 451 461 466 
498 14 20 37 41 42 45 46 78 84 88 102 123 128 134 148 157 164 174 192 221 229 233 244 248 255 264 281 285 291 304 314 348 358 376 379 410 426 428 430 443 448 450 469 489 
499 1 35 36 46 61 73 93 102 121 124 139 148 159 161 162 176 194 215 220 234 245 262 275 287 296 314 330 345 350 352 356 366 374 379 393 400 411 421 422 464 467 492 
